116
Colleqe-dictaat ναη een dee* studenter» (Boqmatiek).

1)(777161 6]“77 67· 61617 07777 1767777781, 1917677 67777 71677 [[6676 16 6977. Μ667· 7709,’ 7718
67]· 1761 9677761677 1707171677, 717777 70777677 61]· 96677 19])677 777667· 96706681.

Gelijk 777677 7777 177 Itali& 6677 77797768877770 77067771 76777777771, 7176 1761 1768171677011677
777661 7’77 16 7776771677 777777 6977 8779611677, 600 18- 0018· 716 Η6117ῗ96 (16681 716 optimo
impressario, 7176 71666 1927677 600 70661 777 16 717771717677. ·7’77 7177Ῑ76ν8077677, (lie optreden,
(1771 67] 716 7677111671 777 61617 (17779677, 77161 77116677 777 177777 7000771677, 77777777· 0018· 777
177777 17777771611779677 (τό δρᾶν), in 177777 1971677, 7770781611779677, triumfen 6776. Ζο0 ·7’87
777 716 9777786176 968617167167718 777777 1877761, 67777 Abraham, Jnkoh, Jozef, 817778077,
Ruth, Scmzuel, 716 170771779677, Prie-ster& 677 977·οΓ61677,· 77777 1761 1971677716 770118· 77777
Gal,- vcm 716 women, 7176 9691677971 677 77007· 771618 96761767771 7667717777, 677 777777 716
07786177717119677, 7116 7718 8617797677 167· 8177617117777717 97779677 - 6677 97001 drama 77761
71666 06710617779 0777 716 967177777716 «7·7777 0177781778· 177 771 6977 81771677, [7777171677 677 766717-
6777777717671677 777777 7767606771779, 7661717777777717977777171779, 176717ῗ97777718τ1779 677 ’7·67·17667’17’]“177”779
777ἶ1 16 8107617677 677 af 16 1766171677 677 177 1761 160677 16 10077677 777777 [87777171.

[7777798 (17677 υ66167ἶ]’(17’9677 7069 76778 1761 96177171 770777 71677 1161119677 (16681, 0777 in
1877761, 7077777· 600 96,8]77·018·677 677 9660779677, 967007’816171 677 961776177777166771 76778, 71677
0177781778 (1781707711761 16 81611677. Ν761 celsos 7711677 1761 07711677, 776677, 71777667771677
77767171677 67· 777618 77777. Mam· 600 78 17771 0017 1777 0778 ,· 1706061677 06979Ρ677 1796677796
897770017617 of bij 6677 817717, 71771 0996006771 77707711, 716 06710611779 77161, 0018· 771 61677
67] 716 personam 677 771 17007677 67] 716 7600771677.

Β77777·77007· 70778 77007179 89777777711776 707777 ’t hart.

Zoo 1761717677 716 96100019677, 0777167· 1761 077716 7671707771, 7116 71666 897797011716 1766771677,
60677 90671 7718· 701] 71677 0177781778· 96177771 677 967701677, 677 7111 78 1761 970016 17777781-
817717, 71771 716 H. G. heeft 101 81777771 9607776171.

W& 6779677 1716717077677, 1706 179· 716 8977717011618· 716 897771701677 77161 77·7’.11618τ6777·7’.96 166-
18677617 6977, 77777777· 96770777677 7777777· 716 (77777 Μο6687 op 71677 17679 9610077716 nunt)

677 0018· 1706 71666 8777776771777779 70667· 70668 op 1761 7700716771761918· ’767077777117788617677. 71677
160908 677 71677 Messias.

De 176710617779 him-eran 977771 600667, 71771, 7718 7718 13777171 6177 (9717671677 177 Ρ8. 22
of 71677 ΠἹΓΡ 729, 777 Ρ8. 40 17007· 677 7177777· 716 16618·6777’779 77777 1761 18777181971677

7717771 777 (17 8167176 7771717 771818777] 17768. [[Ζ76 718· 180777 0777 1176677 77·7’1 16 (10677, 777 716
701 7168 1706188 78· 77777 777] 96861776067717, wiJ 717777 77761 777 716 76777· 7777771677 falson
en 67799677.- 1761 1769177 777777 7166677 1387771777 7’.8’ 777777 David, 1761 66777019 77777 8166778.
Wanc 717777 777787 716 66776 ]78·771777 11[77887’..,’,777778717, 716 andere 77161, 7111 7·77·8· 7671, 71771
6678 77761. En 71771 977771 77161. [16907771177771 77777 7176 6 1778717077707779 17 91 17767 777
71771 777677 77161 7.·771, Υ77771 709 777777 716 nunt] 667716.77

Α18· 77677 1717771779777771 777 61777 1068161 67777 1766171 0]77·(7.7791, 18 7111 77161 1060771119,
77777777· 1761 170771, 17771 18777767· of 76771 917 7767777777. 777111 ’7’8· 67· 6.7·]77·6.8.8617]’18·. 77]) 9677700171
0777 1761 1766171 op 16 7777797777.

Ζο0 wlf 7718 David 7177777· stant, 717777. ’7’,8 1761 niet 6770. 71771 David 67· 76778. 7777
7777 177 6977 1677677. 777777 zeh-ere 8977711779 77777. 11](1677 677 17667’19’18’17777’71 7·007·18·77·77777,· 77777777·

