· 102
college-dictam van onderseheidene studenten (Dogmatiek).

Vandaar 061 1161 21611, 1161 11001611 6112. facultates zijn, 0111061 ’1 66210111 0115
6116611 11161 06 11]·11611 611 1116111611 111 1161116110 261 611 1116111161 06 66116616 11161610.
Ζο0 001( 11161 116111111116110166 van 0611 1116115011 10611611, 15 61 6611 facultas
intelligendi 611 6611 facultas volendi, die ons 611( 6611 66116 21]·06 51601115 06
11161610 00611 21611. - ’1 6161001 1111 116611 016 616611501161) 11161,11116111116166100115
6611 61165 00010111166110 1066111561. ’1 13111161 111 (16 11116111661116 611 111 06 2606113116
11161610. (162115 werd 0115 101 Wijsheid 200111161615 101661601111611610). - Μ6611161
661001 15 6611 virtus. Ε11611615 1161 1611611 2611 111061 gebracht worden 011061 011
6611115 (111. 11611 virtus) 200 15 001( 1161 bewustzijn van 1161 1611611 6611 11111115 -
611 611611 1161 615 1161 1611611 21011 0115116111 5116111 1161 661001 21011 uit. — Η61
11162611 11611 01126 11161150116111116 116111111· 11651661 111 1161 „Abbild” zijn, 0661011115
1161 661001 6611 21011 1161111151 worden van (1611 6611661611 band, (116 1161 „Abbild”
aan 1161 0015111011116113116 1111101. 0111061 ’1 6611 11111115 15, 111116616111 111 06 116616
1116115011611]κ6 116111111 11106126, 0. 1. 016 11111115, 0110615011610611 111 haar potentia,
1161111115 611 601115. - 111 6116 11111115 [virtus = inwonende kracht] ligt:

1θ 061 26 11611116 11160111 111 21011;

20 061 61 11651661151111126 van 016 11160111 zij3

3Θ 061 016 11160111 0001 06 116516611511111126 21311 11111116111611 11661· 1111111611 0061111616
111 060611.

Dus 111061611 wi] bij (1626 11111115 0110615011610611 1655011611 α. 06 potentia (d. i.
1161 116111106611 op 21011 2611 106501101111110); b. 06 habitus (de 11111115 beschouwd
11161 1161 006 op 0611 66150011 111 wien 26 6601116216 15 - want die 11111115 15
11161 615 6611 01160101) op 06 1116161611, 111661 111061 21011 111665161· 111611611 van 6116
1161161611 111 0611 1116115011. Die habitus 15 06 1160061111111610, 016 21011 166111 11001
06 1116011160, 016 111 116111 zijn); — 0. 06 601115, 06 6610015060611 (0. 1. 06
virtus besehouwd in rapport 101 111161 1111111611 0611 116150011 11651661 111. 101 0611
κόσμος 611 101 God; 06 11111115 1111101 11661 61110006] 66151 111 God: 66151 615 06
11111115 111 6010015060611 15 011166261, 15 26 66115011 01111011611.

Door 111615 111061 16 2666611 2011 111611 061111611, 061 661001 661111( 15 6611 116106.
1111111615 116106 ziJ'n 6611 111611011 6611 1161 „Abbild” 1111161 001·5Ῑ)1·01111611]116; 1161061·
61110006] 15 111 God 6112. Waar 1161 0611 06 61611511]οῬ 111066101100611111116, 010 wij
gaven: 061 1161 661001 06 virtus van 1161 1)6111115121]11 15. De 116106 15 061 11161;
1111111615 01· 10051661 0011 116106 111 (16 016101111161610. 1116106 15 1161 1101111011 116111161
11162611 111 1161 6106610561 11661· ziJn omsprong. ’1 (161001 15 1101 111011οι1 11611 1161
„Abbild” 6611 zijn 001’5ρ101111611]κ 116610. De 116106 is: 1101 1101111611 116111161
wezen 11661· 1161 6100010501. Η61 661001 15; 1161 1161111011 116111161 bewustz'y‘n naar
zijn asboeldsel.

In 01611 6160100611611 2111 60110111011 15 ’1 601001 66011 speciale virtus humana,
111661 016011 6611 6110 0106111111, 61661111 bowustzijn 10011. 111 Jac. 2 .· 19 111110611

