48
(ἔσθορε-1110111111 ναι) een der· studentem (Doqmatlek).

11010170 10)) Christus 1001-ορ of (1(’111171-(100 1)) (10 01))191010 ste 1)(1)(1))(1(1.Ῑ)0(1)·-
(100) 0(7(7Ἰ·”1 )))(711 1101117101·11711700001117( 010019. Dm 1707010010, (11(7. [77767I7Jt7‘sel7
(len ί’1))-)’9.1)19 77777f7 0))7·(1()50(71()·),(11(7Η170) 001011 ,,(7’(7’)) 1111 )·(7,1(7))ΙΙ 001 (11 19 H7'j
(10)) 0))(1(7)· (11(7 7)·(71170 (1(7 11110170070119117, (116 911071 Η(7·0) (1)(7 ))(7170)1011(7)-1(71 017-
9]))-(71·1.τ(7)), 0010050011 Ζο’)) leven (7)) 501711 (11(109 (717))(7 ])1)1’1090])1)719(1)() (0))91171101117
77³ 7³7777777se77. Na (111 0011015001· (01100111 117 hebben, 10011 )))(0 (1(10101(1000))(·11191(7,
(101 0117)) 11171971 ))1171 0171070111 (1(7)) 7))(100) 1175119, 0100)· (1(7)) ))(100) 1010100001.

Τ(7)·)(·)Ἰ’1 (1(7 0101901011( 1110010010, (1117, )(·(1))))(7(7)’ 50 (1(7)) ))(100) 10)) 6111191119
1)00)·1, 1)(71 ((7))1017 1101150000) 001117) (11117 11011000 (00)· 5101) heeft, (1(7 ((0010-
11.9(·1)(7 -7)))(11)0(1(7 (70170011. Z7'j 5017171 0101 (70)) ))(100), 0100)· 511 heeft (1(7)) 777777777
)·(10 105119, Christus, Η(7(7)(7, 1000001071, (1) (119 50 (10)) Η(7))) (1(7))1171) 1111,
1)(70101 50 0101 )))(71 51(·1) (717)) 1)(7(.71(1 1311)) Ζο0 ])(7)·.900)) 100)- 1(7 stenen, 0100)·
1·0)01 50· (100)· 1)(71 0017701170 1711)) (110)) 0001)) (111011 1060)· )))(71 (1(7)) 1)((71101-(0 per-
,9000 )·(10 (1117)) Christus 1)) (001001. D77777·0777 19 1)(71 ’1001701170 10)) (11(70 )1000),
1111011100)- 011011 7)(·(7(7)· (1(7 0(7(1(1(71)117)) 0117)· (1111191119 )))017100 0011717171 )(·0)·(1(7)) (7)) (1(7
1(7(7(1(7)·(7 10010( 0()))(7(7))9(·1)(1]) )))(71 Η(7))) 1)) 0))-9 1)(1)-1 )))0(71 00001001 )(·0)·(1(7)). ῙΓξἸ
1700000 1111711110 1))Ἰ’ 009 aelf (1(7 ]))·0(7Ῑ’ )11701170 ,· alle ])1)110.90])1))’.9(·1) 0(7)·(7(1(71·(17’)·(71
11)·(7001 ))0011 ()(ἑ))11(71(1,· 1000)· 11111 00· (1(7)). ])(7)-,900)) 1001· 77 1010)) 1)·(7(1(7)1, )10170) (10))
11111709 (7)) 11711009 11·(7(7)- Ζο0 ))(1010, (7)) (10)) (7177)·91 0001 1)(71 0109110117. )·(10 Z7'7'77
1)·(75170 100)- 77 07).

A7777 (110 17)·000 )))1, of )))(70 01001 1)(70100170 of e7'77727’77677 )))(71 (1(7 ))001100 Sal-
1010119, (100)·(100 111111 00 (1101171170 of 0051) 01))-1910100117 )(·0)·1(711 1)) (1(7 )1,70’.91)(70(717)·1(7.
of 1)) 1)(71 )(·00)·(1 (10119 (7)) 0])1(·()91 (100)· 1)(71 01710οᾗ

77⁷7) 500170 111009 1101310171 1)(71(7(71·(7))1.9 cle ))(101170 10)) (1(7)) Cleo-istus 1101111170 ; 110ι
((1110)) (111 7777 001- (1011100000 1111 (1(7 80111111.

1)) 1)(71 N7'7’777772 Τ17910101701 19 de ))11(1)-111·1·1))0.· ,,0171001-(70 1)) 50)) ))(10)0” (1(7
[0)-011110 1)-110. )·00)-.· ,0171001170 1)) Hema- ,,0()(100])1 1170)·(1170 1)) 50)) 00110117 1700)·
,,0(7(100])1 77 07 (11)) 1)) (1(7)) Η(7(7)(7 11751191. nWw 00) ))10119 ))(10019 )(1111501010001
110) (11)) 501 7·)(7)·)·010(150)1, 501 0170171170 hebben (11·17·.(7)9 (7))5. 1¹: 1)) (11 (117( 0171111111·
110000 7777777 (1(7 ))000) 0]) (1(7)) 1001010011. ,,Ε)· 19 0))(1(7)- (1( 0 hemel 0((7)1(1))(117,·7)(
))(1110) (1117 0011171- (1(7 )))(7))9(17)()) 0170171710 19, (100)· 11·(711(7)) 1( (Ἰ 100177110 50110 )(··0)·
(1(7))”,· (1(7 71·(7)·0(71·)’)10 (117)· 5001100 )(·())·(11 0011000171) ,,(100)·51Ἰ’)) ))(10)))”,,·.(11(7 5)(1)
11011171) (((10 (1111191119 1117171170 ,,1))())))(7 51171170 117 1)(71)1)(7)) 01·(7)ζο170(7)·17)))·00)·(1(7))Ν(1(1)0
(1(7-9 Η(7(·7)·(7))”,· (1(7 Apo-9777 51701 .· ,,11· 1)(70 1)(7)·(71(1 1(7 9117)-1-(70 (00)· (1(7)) 777777777 (1(79
Η(7(7)·(7)) ‚seen-9¹1,- 110· )))(717))(1(7 (717)·10119 ,,1170170 (117)) 777777777 v7·7777- ,1175119 10)) Nazareth
7)·(71(7 )(·(7(1(7)·])(1)’10111017 (1100170 117 )))()(71(7)1 (10(7))Ι’,· (1(7 Α])0.91(71 0(7111101.· 1)0(7 ,,Η1710 (717))
777777777 7771777177’77 19, 7)(’1711-(7 1)01·(7)) ((1117)) ))(1110) 729⁰: 1011000179 51701.· ,,(101 (1(7 50011171)
009 )·7·()0(7)(7)) 50)) 00) Z7‘j779 ))(1(1)))-977)1·)’1”,· (1(7 0170071701( 10)) Ρ(7)-0001119 1101111
0(7]))·7,(5(7)) 0011101 ,, 51Ἰ 500170 N7777777 1)0)((11”,· 1100)· (7)· 0(71)(7(117)) 7110)·(11, )))0171 (111
7s7n9cl77'77l7'77 ,10500 7))00)))”,· ,,)((1(1) 1111(7 of (1) 77 )-(7·)0(1(1(7·)(7)) 1)) 5001)) 00001501
Hij 1)) 1))10 1011111170 51Ἰ’)).”,· ,,)’0 5000)) 0000))110111 0(7]))0[”(777·1(()(1 1)) 50)) (7·) (100)
9001011010 (1111)(71170 1111 0(7)1-0)·])(7))”,· Ρ(7·1))197 51701 101 (11)) 1-)·’77()1])11( 1)) (11)) 1( 01])(1
,,10 (1( )) ))000) 7)·(10 ,117509 (7))-19109. (1()) Νο (1-7)())()·, 971(1οἸ)(7)) )170))(1)7.1”’,· Paulus

