(1101011103 311 11011. 00110111 ῑ31)11 ,13)111 1.Γ 311 11 )11 1131)( ;.11113111 0)1)1() 11 30111031 1112 311
ε..)1)1).10011111131)111(1)31313,.1Λ101)111) 01111110 ,1001) (011201 ,1131111 (νεῖ 31 11011 1111 .31
;.11)31)10.)111 )2110 110111111.11)1ι.1113111) 11)21“111311.)(1

[100 )({

1,11311.11.)111011 11112 .100.1 01).)01 11111100311111031 ὁ0111011110 1131) ·11).1 11001 3110>1 01) 010111

11011·131111.)1)ς 01) .10.11)11.)301.11113111 (3111111101100 01) 110 101 1001) ξ 01) 3111103 1’311101 10111

, 1011 3110>1013 0100111 [om 10101000 ,1030001 013001 111111003111111331 ό0111011110 1131)

(1101100101 111311 1111) 110 0111) 11012 10 311οΗ 01) ’.31011110 3111111111) 011) 11111 3010110000
1011, ·1.11111.11011101[ 11112 ,1111 11133011 01111 11131100311111031 ,0111011110 1131) (1109301 110
311111311010 1121111) (11113110 311111 0001113136 ’1101110011 κ1111111)1ᾞ“ 3100 [913131 U! 91011130·ἶ
01)0111 1112 1103111103 111 - 0111311013 0131001001 01) 1113Λ 0013113111311οΑ 0111) 1)10111)03 011)
02 11111101 (311011 0112 110 0001 0113 13011 1103013103 1)10111)1)3 1100 11Η 1111) (1101301011
,11113111 ’1102011 11112 1111 01311010011110οΛ 0111. 1101300311111) 10011003 60111011110 011) (11011
3131111003 013101111311110 001) ,1001) 0011103103 01).10 01) 111313 311οἏ 01) 111 01 &Z ’11031132
101) 110011101100110101111101) um 1113133 01 1111 ,1111 1101111011 0110011111) 0201) [lg
1ᾗῖ 01) 10) ’1100101001 3011 1131) (110131 111 1113110030111031 1011 mm 1101101001 1011 11.)
10131οΙ um 301111101100 01) 1001) „g ἐο11130 00 1110131003 (111203 111 00110111011113 01)
1001) 03 ἰ11.)011 1311010003 ’2110 111311001101οΛ1 (100103 01 11000010 11013 11·οΛ 10003 01)
011) 11101310 01) 1001) ..101111 1011001113 (10 1011 110 3010011100 011011) 130 (1100110111
1101) 11131 1131) 31Γ11101)1)11000 13111311οΛ 0111011110 0131 1113110031110031- 003131ορ1301 1οΗ
103133101300 1013130 10131)
0101131100 011) 1011000301 0131031310 (011013 02110 3100 ,11313111 (3010001101 02110 00 3111
1010 0111011110 mm 301130010110 013 01 1110113131) 00 ⁴{poop 001) 013Λ 1313131110 011011) 01)
01 quq ’1)1311 111001001103 10100 1111 ,1010113030 (0011101310 01) 01313 311111.10.11.101)00 11112
110 31110031 1101)1111..1 3011102111 01) 0111) 10031001 1100011011 010011 01([ ’1001311011 1011 ,10.10
01111111 01) Ξ10003 1101) 1010 1001311011 1011 {umpv .10.10 ,101111011111013111 1101011 1010
aq ’131131311111313101103101 1131313100 00011103 1100 110 102113 1131310003 001) [12 1131) (0131102
01) 111311 01300110 011011) 01) S} 1ος1 ’10101οΛ1 011311111012 01) 101300 111011 um 0011010
1011 110 11000010 1101) 111331 3010011100 01) 3101) 11131) [w. uopupx 01 (171 : g ’000
·11011,1οΛ1.1013110
111011 11010 01 01313 ‘manantem 2J0ffl1 1111» 00 110011 9101010003 1311131001 10111 110111
,ffigumgm ’Ζ ’Ax ·p ἑᾶωωγςιορᾱρ ‘mu ρ’)ειαοι ‘wanuh 572 6305, gb 51 ζ g 01111Θᾶ Π ΠΙ
&fit- {usu 1111011 ,10311
1111 1131) (01 311100011οΑ 01) 11111101 (110111οΑ11013110 ,1101οΛ1310 0611131130 ’01313 1300 ,10οΛ
11012 1111 110011 (11111139 111313 1010οΛ103 0112 ’01 10131321001103 1131310000 111101 1102 1101
1131) ,1001) 110 1103110102 013133 01 11113131]1 έο1)1102 16 00111Έᾶ 1302 91 : ς) ‘mog UI
’01 1301110003 110οΖ 001) 1001) nu
10100 311100011οΛ 03111100310 01) 110 019011 0001101110Ᾰο 01110010 01011351 1111 3010101
-1111 011) 1131) (00110111011110 10001 0131) (013311 1310103110 0111131351 1111 1131) (00113111

’(3101113013οΠ) πθιιηορῑιειε sep 1100 um 1113010113-0391100

'm

