118

Colleqe-dictaai ναη een dee· studenten (Boymatiek).

122 0028 27 2222221022 2022 (1228 (1022 2221202221 2102· 122·010120,· 1200 hebben 2222] 0228 212022
2222 10 2·0]22·080221002·022.9

De 0022(ἷο 1202221 222 (10 20020121 022 1)νο2291 (1022 010012 22201 02012 2220210. Nu 28 by
20(10·ν 2220228012, (120 90002022 2002211, 0022 (1221212οῑ 81200022 ,· 0022020908.- 0012, 12022 ik
(120 0022(Ζο 222002· 22022 2222] af (10022,· (222(102·02ῗ](18.· 12022 ik (1(21 12](1022 222002· 0221-
1202220221 —— Ν2022202221 28 2021129 002221002·; 2220020220 12](112021129. 2411902802· 2000120
022 2001 222008101 222 02229012·002·(10 02210 .· 00281 109022 1201 1921022, 012122 109022 (10 002200.
Ν201 (2110022 by (10 1222010200 90218, 222002· 0012· bij (10 (12292810 0022210028, 122] (10
(12·022122202218 022 200112281012229022 22222211 222022 2209 22201 12](1022, (1(21 02] 2009002022 109022
(10 002010. 1)01 2009002·οη 22022 (1022 00201002, (120 011022(129 28 902220221οη, 109022 (10
011022210 022 (10 0022010 28 2018 90228012 222212102·12ἶ]”1·8. Nu 2002221 222022 (101 022 0091 .· -
[1020 200112 0022 90021 0102220221 222 21022 2220228012 28 (120 2220092229 02202· 1201 12200021 ,·
0022 20002· (1001 10012 02]·22 12081 0222 210 011022(Ζο 022 0022010 10 812221022β Ε22 2222 1202221
(10 Μο882002280120 profetia 022 90122291 .· Dat (21108 28 2221 (1022 (12222201,·120102]22 Εο(222’8
12022022, (120 0022 1210018021ος 1202022208 000121, 222002· 22201 02220022 12022. Ζόό, 0091
02] 0228, 1202221 92] 02· 220021, 0 2220228012,· 000 0222121 92] (2112](1 (120]202κ 111002· 222211
92] (10222022109022 222 (1(21 12](1022 0222102922022 022 22 001]ρ 222 (1022 (100(1 9022022, (1(222 001
2221 (12022 (100(1 1201 1022022 90002022 20020022 022 20210209 22002· 22 0122109022. ,[Β20 02]22
100022 001 20211022 120120201022, 001 1201 2202·12ἶο0022,· 022 (120 1201 001 20211022 0021200022, 001
1201 1201102221022Μ —— 2101 28 (10 109022810112229 1088012022 010 110882002280120 profetia 022
1201 81200022 (102· 22012222219120 20020121.

De 110221022022 2002022 0220220002· (218 182001 2002810100(Ζο 109022 (10 0229020012129120201.
000201 02]22 22202222022 ορ9012021022, (120 1201ον0 08])2201208 2222121022 0122001212022. Macer
1201 heeft 220021 901201ρο22,· 002· 28 1201 02902· 9020022100. 1)(2020222 2202·002·(10011 Gocls
Woord (1221 02· 109022 222 2000810100 (102· 222022-8012022, 01801 222022 02· 000 2018 (2022 (10022
12022, 022 0091.· HG& 222001 0002122190 0922, (101 92] 02· 222018 (2(222 22020201ον022 1222221 ,·
(101 1201 002· (1002· 2220 ,2209022 02902· 22202(11,· (1(21 op 011228012 022 8002001 90122ῗο01 22201
109022 (1022 81200222 12022 0]2902·002(1,· 2101 1201 220112 2009 28. 81001218 0022 2009 28 02· 101
2τ(;2·00102··2’229,· 91] 222001 (1022 (100(1 2221(12·2”2212·022,· (1022 12022 122] 22 90022 1220000 222002·
(10022. 12002· 81001 (10 1201202· 22201 (1022 (100(1 02· 222,· (12·22212· 120222 1009 10121022100181022
(1222129001 022 1201 1022022 1202221 22··002·.”

1221 1202291 80222022 22201 (10 ([22008120 0022 (10 902·001212’9120221 Gocl-s, 0120 22212010. Τ.
22201 (10 Massiuam-§che profetia op 0022 11222 81001. Dete 2220228012022, (120 109022 (10
0022210 022 (10 011022(ἰο 2002810100, 28 1201 10 (10022 0222 02012 zelf 10 0021088022. De
(120]2810 92·(222(1 ’0022 122222 200-281012229 28 (1228 0220121 22002· 00111201202201, 22002· 00112021-
(12229. ΖΙ] 1201212022 222 122222 011218012 022 80020221 81200022 02012001112οῙζ222002· 1201220022οη
02012 22201 0222 (10 0020 011201 200121 22022 122222 God.

Νιι 28 1201 222 (10 2220121021 000, (1(21 (2110 2220228012022002· 022 (102290 022 9012212· af 1202291
2022 1201 1100121 Gods. Ηο1 (0212200121022 22222 (101 1100121 Goch‘ maakt 022901221·1ι·2“9,·
(218 1201 1100121 (10218 (10029001, (1(222 00281 28 (10 2220228012 9012212109.

1)(2020222 812201 1201 οόό.· [[1001 1201 ,1100121 60218 222 01108 000 1222282220901912(1002·-
90022 022 (12222 1202221 1201 9012212· 20002·,· 00281 (10 2001210220221192220122229 022 018 ferm-ht
(1002·0022 (10 12021292220122229ᾸΙ

