57
college-dictarat van een der studenten (Dogmatiek).

3⁶².'het 1161111611611116611 of 111131116116611 3113103611 11311 1611131116, 616 1111661113116
111331· 6611 1131( bewustzijn en een 113116 1331 16, 316 2636611113 3331 11331· 6611
11611( 11161 6611 bekrompen 1331 611 1(16111 116111116121311 611 1111 1116161166 welk 6611
1061111116121311 hij in 21611 heeft, 21611 10611 3116611 0116111131611 1(311 11111611161(1·6111Ῑ)611
bewustzijn 11311 66 bevolking om hem heen.

4⁰. een nieuw 3113133011 11.1. 11311 6611 3616111, - (1331 111611 6111 (16 1110616611
6611161· 66 116111311616 der 2331( 11161 1111 ’1003 11611162611 —). In (1611 3616111, 616
op de 1160316 11311 21311 kunst is, hebben wij 1161 1161163661 3113163611 11311 (16
111631113116 11311 (1611 116366. Ε611 1113611113 3616111· 61611 6611 311661 11162611 11061 6311
111611 6331 2161; 111 116111 21311 1111166 1111111611, 1111166 11(1(611, 1111661161111161213116,111. 11311
21611 2611 611 (1611 66166611, (11611 hij 1166161611.

Wanneer ge 6611 3616111 116111, 616 111611(6113“1( 3616111 16, (266316 6136111131( 3116611
06616111113611 631 21311 1611111611), (1311 16611 1113 3611661 111 1161 66111116121311 van 6611
66166011, 61611 hij 1160161611, 611 dan heeft hij 611( 6036116111( 66 intentio 0111 631
16 (10611.

Η61 2111131(61 16 611 111 1111111161( (1161 3360616611 11311161113116) of 361131( 6613111136
menschen z⁶eer 61611( 1(111111611 66611; 1161 1136131611 11311 6611 ander. Ook (16 616111
611 66 3663316611 haugen 1611 2661616 63111611 11161 1611131166 bewustzijm en 21111(
6611 1131113161· 11661111 6611 andere 616111 3311 6111 11161 21311 116111116121311111 66116
3116616 1161111116121311 111 16 611113611.

Μ331 6116111613 11661 11616613331611 bij den goeden 3616111, 1106131 111 1161 0061611
111331 hij 206 3611661 111 66116 3116616 bewustzijn 1113331, 63166106661161111161·
161331 11613661, 631 hij 11161 6611 3616111· 16 (16611 116611.

Ζο0 161113116, 316 3616111 6331· 611116661166, (1661 6116 11166 dingen 16361131(; 21311
wil, zijn 166111, 611 21311 bewustzz'jn is tweeledig. Want 1161 16 6611 16111 316 111611
21611 206 6601· 21311 161 1331 11166616631611, 631 111611 111311. 11*611(6113“1( 6111113 116161
611 161113116 6611 6133 36611ς dan 16 111611 21311 613611 116111116121311 1161361611611 111611

- 111661 311161 2611661166166111113 3611663 hebben 6111 21311 613611 bewustzijn 16 houden.

Bij den 3616111 16 6116 311136 wil, 111611( 611 bewustzijn tweeledig‚ 611 11161111 steekt
1161 3113163611.

81661116 111 6611 61113 6611161 hij te 1(011; hij 1110661 061( 111 1161 zijn 11311 (116
personen kunnen 11133311. Α16 1161 36161311 11311, 16 hij weer 66 01166; hij kun
11161 611111233111 11162611, 11131 1113· 260 61131(6 1161166366.

Μ331· 66111(1 11 611 66116 61 1103 bij, 631 1113· (111111233111 616 116160611 1(011 21311
611 1111111611 21311, 6311 11366611 11113· 6611 11011(6111611 3113103011, van wat Christus bij
de 111631113116 (1661.

1)6111(1 11 Christus, 111 21311 Godsbewustzijn 311006 1116161166 11131 Η13 was en
wilde, 111331 6611 mensch 11611661161166 11161 6611 menschelijken wil en 1)611’1161213”11;
66611 611 11161 (1661166 11661· 6611 6636116111( of 1111 1131166161113, 111331· 266, 631Η13

