85
0611666-(1161661 van 6611 (161· 611166111611 (Dogmatiok).

111661 111611 11616661, (161 (16 11161 66161 161166116166 (161* 261166 111111611 1161 11162611
van (1611 1116116611 16 661(6111611 611 661 (111 (1116 116611 266 kan 661116661211111111161
werkverbond. 0111161· 1161 werkverbond 111661 (16 11161 (1666 111 ’61116116611611
11611 6666111611611 21111 6611116661, 6111661 6116111116 61 21111 1611611666666111611 6666611-
1611 (1666 11161611, 266 661( 21111 wil 1111111661661 111111 (1611 wil Gods d. 1. (16 Wet
1116661 21111.

Waar 66 1116116611 1111 26116661 11116161, 6661 (116 wil Gods 111111611 (1611 1116116611
616611 611 11116161 op 6611 616611 11661661666. 1311 16 1161 6161161111111 11611 66 11161.
13116 6611 2611616 616116611111. Is (1611 (16 111161 11611(6616“.) Ν6611, 66 11116116 1161116 611
6666, 111661 1161 616116611111 van (16 111161, (116 61111611 11111 1161, 16 2611616, 1111111 1161
11111 66166611 616 26116661. Α6111 11( 611 26116166 6161161111111 6116 6666, ](611 11( 61·
11111 we] in 111116611, 11111 11( 61 111 1111111611 116116611, (1611 16 (161 (16 (166(1. En (16616111
111161 1(61111 Ρ6111116 166611 (161 6161161111111 661· 111161 266 61116116 611 16661161 op. Wan-
11661 jemand ziJ'n 61111 116611 66161·61(611, 111661 (116 61111111 6611 61116116166116. Μ661·
616 111611 (111 1161116116 1111 661166666111 116116 611 1161 11661161116116 houden 11111166,
2611 66 6116 2666611, (166 1161 61 61, of 6116616 1116611111 (16 6666.136.]6(1611
111116611 1161 gipsverband 2111611 161611 611 Paulus 116611 1161 61 as. 1361116111 61661
61, dat 66 letter (Zooclt. (3111661 211 1111111611616 6666116166 111661 21111, 11161 111 11111,
111661 1111111611 11111 1161, 111661 1161 (16666116 111611(611.

, 1311 1666111), 661 (16 1116116611 van 11611116 61166161· 1116661 21111, 116611 61126
Confessi& 661161· 111 Α11. 12 111166(11111(1 111 (1626 111661(1611; (161 (166 (16 116616
. in 66 Schepping 1161661111161166 6111161611 666611611 heeft. 01126 (3611166616 2611 111-61161
het 1166111) 11611 6111111 16666 161116 161 (16 (3166116. Nu 1116161111611161611111166161
111166611·61(1 161 6116 6611611661611 1,,6611 16661111( 6611611661 21111 116166116166116 6111111611 v
gegeven 6111 Ζ1111611 3611661161 16 (lienem), 111661 (1661116 66166111116616 111 (1611
1116116611 „Hij 6116611161161 611 1666611 26 611611 6111 (1611 1116116611 16 61611611, 1611
611166 661 (16 1116116611 21111611 (166 (1161167. Nu 61661 (16 2661( 266, (161 (1661· 111661
(16 2611116 16 111661166611, 66 1116116611 (1626 1111161166 niet 111661· 11116616111. 111 1161
1161116116 16 66 1)1·1661611111(6 suncti& 66611111; 1166 6611 11611161·1(1116 111116611 xvij bij
Melchizedek; 111661 (111 was 16666 11161 111661· 1161 6166111111(6 611 116116; 61661116

6611 161(, 616 11611 (1611 boon] 11161 611 1166 616611 2161.

Τ61166116166 van (16 261166 is 61 6611 (1111111616 16611116 6111616611. 111 het 111116
(1666, 1161 sanctuarium 1361 16 6611 (1161161 1611616666. Die 111661 (1116 6666111611.
Waar (16 1116116611 6111161161 116111 to 1161111111611, 111661 6611 611661· het (16611. Hel)
ik in mijn 111116116116611 6611 (116116111666, (116 1111111 1(611161·6 (16611 111661, 611 166111
211 11166, dan 111661611 1111111 616611 1611661611 1161 66611, 611 als 661( (16 1611661611
weg 21111, dan (16 vador zelf. Nu weigert 111166 21111611 (11611616611666; 26116 21111
616611 1(111661611; (16616111 111661 (166 1161 2611ἱ (16611 111 21111 661116661161611 Ζ6611.
Η61 Η611611116661661661161) 116661 111.

