74

Colleqe-dietaat ναη een det· studenten (Dogmatiek).

9091901109 1919901909 97011109 011 777 91911091101190999 9009 (11 (10 990010 919 911 90009· 109919-
9eb7·77el77‘ 101 (11011 0001110 577077777777777277 1919900099 119111101- 091 Ζ90999919 10 Μ99 09199
90919 011091

Is (111 000 7'77 1111 101091 (11199 10011 77777,7 (1011901001Μο 001( 1099 0990101110 97099
0119191119 199 (1( 0091909191( 1009910119999 97091 1111 1197099 plant-9 99 9277

Γ·1]00101;100.ΠῙ(11 79 (1( 27777lc⁹ —- Elke 90)·’1109111099 101 0119991119 79 0091 90-
100190091109111999 9, 001. (110 (119· 01190100119011,· (1. 90. 0. 777e77 lffln 7'77 01991 1707077-972777'77
990011 0119191919 0011 0999900909, 77777777· &ledet-5· Z9'77 0001(1,· ’199 0779 0090991099 11000091
709⁸ 990011 99101 0119191919 0011 10 (10011, 77777777· 91901 Z9'77 97091901. 0019111 (101 000111
027 (1099 90011(το191991 0111191919, (11111 11000091 909 ’191 (191 00019 Ηο991 0011,- 9019191 (101
99101, (1099 11000099 9179 Ηο991 91101. Elis 99101 ,9019009911 00019 777777 01777297779 19 0091
00101901 0777 99777907797‘177727 99901 (1091 900001117911011 0199991919 10 11000099. D77 9099 900119
000, 10091 ,100919 02) 77777'de 9·091(11(·(111(101(10. De 9990990009, (110 1901 0019000999 901911·
11090091 99999 199 (110 (199091 10 1070091, 1191111091 91101, Ηο991, 77777777· Z9'77 beelsl. Α19 (10
091110ον9 1101 ΙΙΗο9991919Η 01999099, 19 (111 917101 1101 ,9911701091 (101· 919ἶ19·09·1ε·09·099099 97009·
119199 7091099093 9999119· 009091 019 1971 He¹777 119199 9191109191091 1101(1. Ζ1011909· 1101 077-
900νο 00019 ’0991 0119191919, 0191 11091 7'77 9009110191100111 97999 Hem 707¹¹709'7Ze7⁴de. Α19
0119191919 (119 11919 9999 1101 1199119 1199191 091 (10 30999019190190 officim· 9111900991·
,Ι 0709911911, (1000 ’19 00119 Ζο099Η, (1099 0010011091101191101, (191119 0119191919 (119 01099109
09·1ι·091(10,991(109· 0099009919, (191 (1000 7777777 9111 0991 019091 11011101190190 0099999909 01011
1101109909 (10 (1(11 09 909099 091 9001099000οη 9009091, 091 7777 (100111.· ’,(1000 79 001109·
0091 777777 0911101 91ιο 999909199011 Hm 79 (1919 9001 (99119011911199110,90(1(19·110190110]91
0091 97919011 000111, (191 1101 90090 9(9(19 191 91

D777‘ 90910 000111 0091 0199191919 10 9019099009, (191 ¹7'-9 1101 1101919110 7⁷7707·7·(³7·l7t 9099
0011 1119911 777777 God. Ηο1 901001 19 (10 99190111, 9100911009· 1101 7'77 (10 0000091919 (101
00019 979277. M77777· (110 99900191 (0777 0011 000111 979711 0719191919 10 1999991099 9000999091)
19 10970999 97009· (10 9009001 00909919 97919 9709917119’1111101900 0099110. 1777777773729, 0101910
(110 99190111 9.·(199 0119991119, 9099910909 09 1101 0091100011 911001, 970109190111 09 9111 Z9'77
beeld, 0909991 09 737· 0011 (191(109· 000111 1009· 7'77 (10 [919919 091 191970910091 (111 0911109·
(10 9990999011099.

[)9’1 719 9090111011 7‘77 (10 Kerk ’0999 324 101 (10 ΒοΓο999111110 100.

Ι)1·7100’9·1(’1’ ,90111111011911 9097019 0911911191 01099111.-

1091 1⁸10 (1( 90010111, 777 J7l77777‘9 777777 01011 1( 0011009099 0919191 0099 9·09·1ι··001···(10909
J7077d7'779 1090990009· 0119191919 777 1101 091190919Ἆο 091 9001010 10771191 777 01111919 77⁷007'
19(·1.(19 97919011011910910.

1011 2‘10 09 0910191 (10 19190111 97919 (1011 0111191099 (1009· 1101 0910019009(Ιο 1097099 99901
(1011 019919101911011 777777777 10 (10191109 099 9109 1019 77777 1101 90090 777-97 10 11099109.

1091 ῑῧᾶθ (191 7179190110 9109990119οῖ ‹ww-777 (1091 9991111101 0777 (10 009119·(10(191(10 97091
11999· 0911101119 101091 ’191 1101 Ηο119ῗ9(10991 (109 Hevron 019991οη 10 mod-9077.

En 70777‘ 7'9 7777 1101 900019 97991 (110 001·1·(119(·111119 777 0779 00100910 7'j77 7⁷7777 1101
0001117199 01919111991911 (·(191 (111 7·7777‘7'77777 9111 (10 1·(9··1(119(·Ι11919 01011 1111919101
101 allo 9111099091 77777 0779 0(9091.9109’.)9 1)(199 910) (11 9.·«···(91(11.9(111 (1( 111οὶ 777777 (1191
9190999011 09709· 01011 0010019, 01701· (10 0011110, 0009· (10 l7e7'‘l7‘977777l1·7779, (10 (0910991919,

