75

Colleye-diciaat ναη een det· studenten (Dogmatiek).

God, (16 611961611, 6911 1116661116115611611, (16 6611619116 6616111160016619111161’(1, (1611661116
(161· 116111115. Ν1615 1166611 615 (196115 op 111 dit 1611611, 0111611 1161 66111111111 1111
1661111 (16 1161116156111119 61 (91 111 ,· (16 111616111611 661(111(161611 (1661· 1161 1161661913 (16
0960661119, (16 1161-1101161119 11155611611 111611 ’611 11101110, 0161615· 611 11111(161611,· 111 alles
wordt 1161 1161611516911 1161116156111, 66611615 1161 1611611 6611 66166156111 166161.

Ε11 615 (116 1161-’0615616119 6111661911· (1001·9696611 15 0661· 9611661 (16 96-
(1661116111661616 611 61165 1166016611 heeft, (1(111 0111516613 61· 6611 11101116111, 1666109 1161
(1611 Η6616 66116691 (1001 Ζ(ἶ]’11 H. 66651 (16 Κ6111 16661· 16 (10611 011116611611,· (1(111
160161 61]· 9661611611 11661· 1161 Woorct 611 11661· (16 1161966615 611 (1(111 wit 69166161
(1001 6611 1116611611 (1111661911 1161611516 911 1611 (1611 0111151115 (1611 (116119 (161
66156116 1·001·516111’119 111119611119111 611 511111611 op 6111 1611(111 (165 16116115.

,136651 111611 1111 111 1161 5911111001 6611 Α111611651115 (116166115 1611116911]15Ζ16]161111]111
(115 butt 1111 (1611 Α1166115611611 5111]’(1 1111115]61116(111 (1611 heeft eth· (1661 11611 6611
(1061, 11161 6116611 0111 16 (10611 1661611, 1661 161] (1(111 0111-151115 1161111611, 111661· 0011· 1106 161]
(161111611 111061611 0111116111 11166156169919, 51661, 5611001 611 111115966111,· 166111 (1611 (16
61111161116111 11611 (16 0111151010916 1161191 (16 611166111616 11611 (16 96116616 9666611166-
16616161 11611 (1611 1116115611.

De 910016 511116, 0111 (16 0111151010916 9651166611, 116611 61· (1(111 0011 1661161666ιί
106 961616, (161 1161 1116615611699061911 1611611 ’111 1161616 51101611 11166111.

Ε1111161911 15 (16 511911 111196511·6(1611 611 1191 (16 0111151010916 (1661· ’601110111611 116-
1166161. [16651 111611 (116 0111-151010916 1111, (1611 61116611 1161611 (161 (10116, 5111111161196
11169611. En ]’6, op 61611 6611 1165611011166 6911 (161 0011· 5Ῥ115’110·11(11ἶ96 011661561161-
(11119611, 111661· 61116 11161116 (116619611116 op 0111-151010915611 16116111 15 6611 511·(161,(11’6
(1001 61165 116611( 9661 611 6611 bmede (1111619611116 1616669 11161191 op 6111· 16116111 11611
1161 1611611 611 11611 (16 9611661116.

Β6610111 51611 (16 Kerk (116 1169199166 1651 611 51116611 6611 Α11611161116 1111 0661
6111, (116 6666 6691119166 11616615(1.11 Det 11111111 (16 1661616 (111514116, 0011 (16 Κ6111
heeft 1161 11161 61196 ὒ691611611. Mam· (16 Κ6111 (1661061116 11161, (161 6611 (1666 116-
9190966 (16 6611911616 111119,· 111661· (161 111 1161 56116111 1161911611 6611 1161 116616 6611
0111151115 (16 6611196 1116611019 169 6001· (16 16661119 6611 1161 111611561161911 1611611 611
11611 (16 1116115611619116 9661661116111661616. Ε11 111 60066116 (1(111 1166111111·110111111111111
dit 1166161 1161 169611110116611 «6611 ’1161 11616611 111 (16 11161156116111661·61(1 611 11611116119611
101 6611911616 1161191, 9661 (111 Α11611161116 (1001· 611 15 1161 111 ’15991ὂο01 van Α1116-
11651115 010 6911 1116615.

Op (16 6616611156116 1661611 169 (16610111 16665 6611 01166 1611661611, 0161 0111151115
166616611119 6001 611 1116115611 725⁴,- (16 1166611616 (161 1161111611 111 6611 96150011 1161-
6611196. Wt] 16111611 11611 161611 11166611 (1611 (161 96666111611116616 11161 6116 11166111, (116
0115 96561101111611 15. Ε11 (1611 ’15 ctat 11161 6611 01111661116611116 66611, 111661· 66116
66611 ’11611 961616111,· 1111 1169199611 61] 61· 1109 16119 11161 61165 11611, 111661 16161
6111611 (16 116516 6691119166 61· 111 611 106111611 (1001.

Hebt 99 615 11160109611 (16 96116616 0111116119611 6611 dotes) ’111 (116 1161966165 (1001·
16 (1·11119611, ’66166111 (16610111 (16 66116011619611 11161, (116 11661· 1165211611611, 6011661·
11661 16 1611111611 1611699611 600615 99

