31
college-dictant van een det· studentem (Bogmaiiek).

0077017177779 77788017077 777077 077 77707770 (10 777770 0077 077071770779077, 01807 07] 0077 per-

80077 7007077 9070070077, 077 1717777077 17000 7707800077, (170 (1007 (7Γ870777077 ’01077 0770107-

17779077 17077(1 0071700077. Βο070777 78 (10 90000070 van: ,,800777 777 1707 700707 70

8707777900, 800777 70 8707770777, 000 07707-8077777770777001,· ’t 78 1707 07017017717 87700077, 0777

1707 ''u-1& *18:23 70 777017077 707 ἻΠΝ ΨΒ). - De 777770 777 777077777707770 78 17707
Τ Τ Τ Τ

(1778 007 7777 70 817777077 777 2010078 77077 07 bij 70 1770779077.

7 ⁰ de 7770017077780170 007000797779077, 0170 φυσικως 077 ψυχικως 1707777077 07]·77.
Φυσικῶς 77007777 777077 77070077797779 01007 00717777717779, 777007787770177779, 80777077010077779.
Β.77. verbinding — 7007777007· 777077 0077 009 0777 op 0077 7017, 0077 70107717 0077 0077 77107717
197777 (0177 78 000 8707779 (107 077 770077 077 (710 90179777άο ,771017 17701700). Ineenvloeiing
-— 7007777007 777077 700707 077 707777 770777707797. Εο77 7770077(17·7779077 of immeatio 17077
1707 07977, 17.77. 018 777077 7777777 077 79007 bvj 0117007 17707797, (1077 1777797 777077 7710070701
7]007,· (1077 78 1707 7777777 077· 79007 777 0117007 907170779077. Ζο0 heeft 777077 0017 37179-
8780170 77070077797779077, 70007179· 7777 77000 0077 (107710 077787007,· ba). 7007777007 777077
(1007 77007· 0077 010077780170 87700777 1007 900777, 1777997 777077 0077 7770977007.

Dat 01108 07977 7707777077 77077 7717987801ιο 77070077797779077 077 7001 807778 00000079,
” (107 801707017779 77077 1707 7707007779άο 77707 777007· 7009017917· 78. 17017777 77707 (177 01108
heeft (10 777770 77077770777777 777 0177787778 777078 907770077.

0017 77707 77707 (10 801707780170 (of psychisehe) vereemyz'nyen. Σχετικω,Ι 78 (170 7707·-
0077797779, (170 777077 7001 1777· (10 [77007779078 077 Β77ρ70770777701787077 vindi, (170 0177911
07707· ,790077701707107711 8]07017077,· (170 (10 700(107·901700770 0017, 0077 801707780170 7707077(1077779
77077 90077771170771 7700777077,· 7770797779077 907770077 70 1700170771] , 9017917 777707701077 0770107 0117-
077007, 7071 1707 0099077 ,· 777 (17077 0777 700701077, 00190778 17077, (10 901007779οη 1777700700
Gods 9017007077, (1700. 7700019078 77077 610018 (107717170001077. Ζο0 7777 0017 78 (10 777770
77077770777777 777 0177787778 01007 8077777779077 0071710070 018 0077 0770700778707777777779 77077
900001791εο 077 7770778017017900 900777011700077, 01007 (10 900777011700077, (107 1707010 7707777077
707 0117007· 70 107077 170777077 ,· 0077 80077 00007770710770.

Alle (1000 0007870117779077 7777 (17077077 177]ι 010 forma 7777707778 7077 0077077777010 077 07]
90007 077 1707 (ἑσυγχιῑτω,-, ἀτρέπτως 077 ἀχωρίστως (107 (0770717077 op (1077 770079707701
9087010.

Nu 07711077 7077· 9077001077, (107 7077· 17707 77707 0077 77777770077777, 77707 7078 8777 90770778
70 (10077 1701717077. 74770070 7777707708 1707777077 07 7001 bij 707700 77077 07701097ἶο 177990-
17700177, 777007· 07777 770077 1707001Ῐο10 077 1077777077 (10 00017· 770077 770717107077. 13007·-
0777 777007 777077 7087170701οη (7077 1707 179770870778017 17097717, 901917 (107 777 (10 77070-
970οΓ 077780177077077 78.

Ν77 (7007 (1077 gang (10007 777770.

Βο9700170777 (10 77777ῗο 7707777070777 777 0177787778 7708 77077 af (10 177717170 77077 Beth-
10170777 of 1797 010 0078777009 700018 0700907Ὶὲ — Die 777770 78 9070017800771 1777· (10
1777717170 77077 Bethlehem, 777007 17007· 7007701 1797 777 1707 (0777079 700018170817777 (10(18.
1177 7777 7700777άο 07700 Κο717 (10 0077877777770 17007070778, (170 0770107801707ἀο77 78 77077
(10 0070077770, assumptio 077 777007770770.

077ᾶο7 0077877777770 7707870701οη aij, (107, 00077018 0077 177778 77787 op 0077 1070107770777,

