44
Collega-dietant van ondorscheidene studenten (Dogmatiek).

11661666 (16 Ι)1’1661616; bij 66 111-1661616 66 161)61·1161(61 6112. 6112. ; 266 1(611 111611
66 86116616 86661116661116 17611 161661 111 ven-band brengen 11161 66 offers). Heel
66 86661116661116 17611 161661 16 σκιά. Νίεί σκιά 21111 (16 profete-n 611 9661111161611,
21] 21311 66 6168616 11611 66 166111611. Daarom 2688611 zij: God 116611 (16 offers
11161 11686616, 11161 1161111111111( 11161 1611611111( 111661 66861761, 111661 hetbeteekent:
in 66 6116161166 261176 168 1161 11161, 111661- 111 66 862111611616, 1176616166 21] gebracht
1717616. 161661 11176161 86661611 1111 66 1176116616 86666116 11611 12661( 616 6611 17611(,
’ 6111 616 11611( 116616, 6166616168, 6611666117 16 21111 van 1161 11611(, (161 God zich 1611
661111118611 1611611 116186661611 2611; 661 11611( 1116161 6661· God gebracht 1111161
(1161161111116 17611 Egypte, 616 6166616168 17611 66 6161761111] (161 mensehheid 611661
116161 Sanun (16 176116661118 1111 Egypte is σκιά 17611 66 1661(611161166 116116661118,
17611 66 116116661118 van 66 11111761·1(61·611611 1111 1161 616116111616 17611 Satan (cf. formulier
Ι 17611 (1611 (1661) - „door 1161117611( 66 doop 16661116 11116161”); 1161 16116 Κ6116611
16 11161 616 1176261111]1( 16116 11666616, 111661 616 τύπος 11611 6611 11611161; ι161112616111
16 σκιά 17611 1161 ι1616261661 11617611, 1161 116111866111 (1666 111 66 1161116166, 611261·
61161 11166661’; (16 ι16166611 16 (16 611-66111 66166111111811616, 61611166611611611611]6611]1(
611 661111118 1611611 866111 611 117661 wij over 16661611 86611; 66 161661161611 11166161]
, 61111666 11161 (16 111111611616 (61· 61661 1116111161 66 26116611), 616 111111611616 21]·11
σκιά- 17611 66 66111611611 611 Sat-am (16 1617161166116 6111611111616 16 τύπος 17611 66 261166.
En 6661 6116 61166 plant was 11611 1161 6611117186 111 den hemel, 6661· 1(611 11161
11616616 111 6611 11611161 111 16 86611, 111661· 1116661 66 11668616 6616611168 616666 -
21111 „lang 611 111 1166166666 16 1611611 111 1161 16116, 661 (16 Η661·6 868611611 1166.”

Ν 11 16 1161 50 gobod 661( 6111661111(ι 111 6611 6111161611]1(6 11611( 16 1161 61111666 6111
16 2688611, (161 (16 11616116 (1661111 17611161 1611611111( 111661 61)861761; 1161 2161 17661
6116 op 1161 6611111186 16611 111 6611 11611161. - 061( 16 6116 6116 111661( 6116611161 611
ν611666-1- 66 vloekpsalmen. — Α116 268611 611 6116 61161 111661 6611 66166611
1(;11·61(1(,·1” 6168611.

Dozc 1166661168 8616 11661· 611(611 ι1666 11661· 6611 1116666116; 616 hij 21611 =
111661 611111 6611 1161 11111166ᾱί86 111616, 6611 6666 1161 61· 111616 too, of hij geloofdo
of 11161; 6666 111] ’t 11161, (1611 1161 116111 (16 111661(. 136611 611 1166 111616 11161 66
2611811616 16 11161(611. Wol 1166 God namurlijk 611661 161661 211116 11111161·1(61·611611,
111661· 616 6661268611 6611 661( 66 gcostolijke beduidenis 611 1(1176111611 6661· 66
161161166116 161 (16 goeswlijko 1611111616. 0111 616 1116111611 do bedoeling 661· schilderij
duidelijk 16 11161611, 61611666 (16 111-6161611.

-ι--ψ--ι--ς--υ--ι

 

