131

Colleye-dioiaat ναη een der studenter) (Boqmatiek).

De 1111111111 heeft 11118 1106661161 11061 .·

10. 0111 116 1111116118168 16 1116119611,·

20. 0111 116 1111116118168 111 81111111 16 1101111611.

Βο1111 1111 0001 91061 611 111819111111011111119 11001119 18, 11111 1161 1066611 61611 061·-
11611196 169611 8611911619116 111010611611 611 111 61611 0311161116 611 11881111116616 10111 1016911
1118111111111011111119 1116111, 600 11611001611 1161611816 611 118811111111116 1161116 101 116 1111111111
661161 6111111.

De 1111111111 01111 1161 8611631861 18 11118 1116 1-111161·11“]116,1111111 11611 1111111 01111 1161 1066611
1163301ιαί116 111116111, 101111111001· 1161 6911 11681611· 0016111111, 10111 111111611119 611 1111111 11611611.

18 1111 1161 11691131 01111 1111111111, 111111 0618111111110911611 Α31081611118119111 ΙΙ Ρ611.
2 .· 12 831166111 01111 1116118611611 [11116 116 1111111111 0019611”. 66611 1066611 111111 111111618
111111 6911 1111111111· 1·019611,· 03) 61611 661β 18 1111111111 111618 06111661118. 11111111 01166
1111111111· 18 60111119 96100101611 11. 10. 6. 1111 116 6011116 9611το111611 18, 18 116 1111111111· 01111
01611 1116118611 6611 1119Τ111116111 96100111611, 1116 116111 111 1161 06111661116 1119Τ1. 1)118
1111111111111611111118 61]’11 61], 1116 0119611111116111 116 6011116 1111611 1116111611. Α18 16111111111
106116196001611 18, 1001111 61 6611 (11111616 1111111111, 116 καινὴ φύσις, 11111611196111110111,
611 111111 10018161611 1116 011116 611 111611106 1111111111 11161 611111111161. De heili9mak7'n9
1168111111 111111 11116611 11161111, 11111 111611 116 111611106 1111111111· 00191 ,· 111111 18 61 6611
116116, 6611 Τ116111111111 111 1161 1111111 60118, 0111 1111111· 116 00111111111119 01111 6911 1066611
16 ]119611, 606111118 6611 611161 61· 1111111 ]“111191 0111 6611 6111 16 100111611.

Ν11111111· 60111161 111661 18 1111911 1”11 116 86111111 116 601111196 1111111111. B9'v. ΕΓ. 2 .· 3
φύσει τέκνα ὀργῆς, (1.106 116 601111196 1111111111 111111 111618 111111 01)]661611 1161 061·-
110611161118 000111116119611.

De 6011116 heeft 6611161 1061 1161 9611111111· 01111 116 1111111111 06111010611, 11111111 11161
116 116116 01111 1161 1066611 11611111111111111111111111 11111 1161 1000111 1111111111 0011 0111110918
111 1161111111611 6111 9611661911 1001111 111 116 86111111 1190 Rom. 1: 26 611 27. Ε1611
18 11161 60111119, 0186110011 1161 6611 116116 18,1116 1111 116 1111111111· 000111101111.

Zoo 18 0011· 111 Π Petra 1: 4 11161 φύσι, 11161 116 601111196 1111111111 1161106111 (961911
116 0900691119 θεια 100111), 11111111 116 1061161961101611 1111111111,1116 1111111 Triebkraft
1111 6011 111991.

1)11 031 6011 11611 Η6616 006196111116111, 0061611 101] 11111 11161 011111 op 6661 96111611-
11196 10966 1”11 Π6111 01111 6611 60111161 jhc 1111111111 111111 968301011611 worden, 1011111 111
Η6111 18 96611 81111161181611611116 81111811111116, 91611 81111811 1111196611 Τ1161)11111]”1,·111111161“]’11
1066611 18 81111311610. 111 ee‘9c7zl9ke77 6111 111111 111611 11118 119 6011 01111 96611 1111111111
(of Τ116111111111) 8311611611, 011111111 119 Hem 96611 110111611 18.1)6 11111111111111119 una-
111111 divincta 18 6611 111111110310111013111181186116 1111111Η111ι111119.

1)11 18 116 1611611, 1091110111 11666 opmerki779 9611190111 106111 0111116111 11618311611611
00111 6611 601111619116 1111111111 01111 6111181118. W9' 0611060611 1116 1111111011111119 1111111·-
0111 11161 16 061106131611,· 101] 11111111611 1111011 66118 061101111611 1118 116191161118 1161· Κ6111,
111118 111611 1061 1169193116, 11111 61] op God 11161 311181 111 6196111911611 6111 611 111]
0111181118 11161 9611069 111111111111.

11111111 111111 0118 11111118 11111161· 011116160611611 1161 011116186116111, 11188611611 116 θεῖα
φύσις van 6111181118 611 01111 (16 111111161611 60118.

