45

Colleye-dictaai ναη een der· studenten (Dogmatiek).

 

Deze Luthersche stellin9 6666 68 66618616. Waccrom?

1⁰ Η61 066161 66666 1661 9666· 666 1661 666666· ,6066 610069666616, 666616666 hec 9661, 10666
1661 6609 1606661 60668, 10616 0016· 61666 910661 616 1161 166111 66666 1161666666·16666161006961661666.
De Α1061616966666006·6169166661 610018 68 6666 600616616696 6410116169661660066169166661, 61661669· ook
666 1661 1661696666 66666 6666 60961 of 08 of 1666666 666 600 001· 616 1161 166166666666 66666 6666
66961916 6666668616, 966 zelfs 666 6666 000166, 666 6666 016661, 666 6666 816616 68. 117666666666· 616
6166666666169666 666666· 6666616. 666 9666· 616666666666181, 616616 ,6966 666661· 666 910661 66661 6610616-
169666660066169, 66666666· 9600661666 666666 6616 069666661616 901616, op 66616 ,6611616 6619686166661666
66666 1661 yber,- 169 616 6666 1661 91666· 616 1661 666661, 616166 616-’66691 1661 666666· 666 1661
9666· 666 666 616611 66966 910661 acm 616 6660166661666 6166616. 1)·61 066161 166616 66666 616 Alom-
16966660066169166661 610618 61668 66661 9606666161, 6666661 61666ι 68 666618 096 66616 2er
666 06116 61669666 666 166666 66· 61668 66661 666666· 6666166669666. 116 116611 616. 66. 66. 6661 61666

ζ ’ 8166161666 69666· 66666666 666 6199666666 6666 666. ’1666666 1699666, 60061661 616 andere 61·

 

06661666 66966, 66666666· 616· hau 66661 61ν66 wwnsohelijke 1661116666616 666661616,60061661 616
Α10166169666660016169166661 (10618 1161 666 ζ166668, 11606666· 66661 666 13661115 666 101661116668 68·
eij 68 0016 666 616 16666 0666696. De Α106616966616006 6169166661 (10618 65 61618 66661,( 961916·
910661 666 166116, 96006661666 666666 069066661616 0119661616, 61106666· 666611 60166166· 961666166 616
68 60 69080 666 6116 009661, 666 6116· 666816666166661 666 op elloe 911616. Ζ69 616 61668, (1661 616
066666691666686661666 166661 in, cum 61 per 6666166666 01616816, 616616 669 ’616 Of 166618 —
6666661 0016 666, 666616 61 per piscem 166661 061666196666686661666 — 01669 ils 6661 iet-s,
616666 066161 ’616 616 6666166669666 (90618 666666 6666 0696669161 009661, 616666 6616 961666166661 666-
8166166666161. Β66661 616· 6616166· 616 6661166169666 (10618 6618 (lie 66666 6666 1616966691 616666 6616
9616366166, 616666 6666666169 616· 616 066666696666686661666 Dei.

2⁰ Ε’16 6666 616 16666616 font: Haeo· 68 6666 6166161661 616 61668 6616069666668616, 1661
0681666661 6661 066616616669 9619166 6160166111616. 89666616 772· 61668 66616 6616 lucere 6161· 0666666-
praesentia Dei in, cum 61 per 60196668 01616816, 616616 6666611 ‘ik 1161 60196668 Christi
6618 lijk. [66 166611 0161 610616 01006· 16 6699616, 61661 1161 1661196666 068166661 6661
6610666666,· 6610696661 ils 6616 1661666966, 616666 1606661 611, 116618 616616 66610696616686166 81017666
over, 6661666118 09 616 01610661616169 66616 6616 190. 1)(6616611169611, 669 616. .· 01166669166686161666
Dei 166661 666, 666616 61 9066· 1661166666116 1666611661166116, 616616 1160 616· 66661 66661 6616 16916 of
66661 66660696666686166 6610616666 16 610611, 61666166· ’11661 6160166111616, 3006618· 69 116 6611 616666-
861661916 069666668666 0681666116, 666 1666 16666616· 66661 met 1661 166116166616 66116616, 66666661· 0011
met 616 8661 666 166666 666116096168. Ι)66666·, 6666666· «611 61168· 16· 610616 1660 61661 6616 01966-
6668616 166666, 66611 66116 6669619166169 11661 616 66110196116686116 616169616 6669. Allo veme-
19166669666, 6166 666666 666666 616 66160196616686166 1661161661· 01611661661, 9661·616611666,1661661616
666966 616, 66061616 61668 096 69· 96661, 061661661669 11661661601966161861600666116 61061611600666.

{Vae 9eeft 616 [11611666686116 Kerls 6666 6001· 616 «ez-at 61061 69 1661619719

Naar 60661 6 9 6006 96611 86169161 1161, 661801· :ij 616 9011616191666696165616669696616 66116666
6006· 616 906161619166 6666161616· 0611016611.

96666666616606166666,6691 66], 616 16660 666116161616 16066 (11691166 681 665, 1666666616 61
urendi . . . 8661 .. ,61166 618 1666616616 61 666616611 681911091661665 691168· α 600 15 66·
0016 66661 6616 616600616 Α10616169616660016119166661, 11661661· (sene, 6166 6616 61961186166196 68 6166·
906161619166 6666166666·; macor ze „lucet per 1666666666666616 natm-amu.

