ἓ 2. De Foedere Gratiae.

Κ1·1161116116 1161 11661661 611 de daaruit voortvloeionde seheppiug 61611
(1011 11611 1116116611 111111611 21611. Ζ1ἶ10, 11111 God 611 116 1116116611 11166 21111.
11111111· 111166 111 6611 1161111111116 11611·61(κ1116. 9626 1161161110116 of 111-1101111106,
11001200116116 21]· 6116111 0111 11611 1116116611 11161. van God 16 16111111116160, 11111111·
101 116 6601661166111111 van 1161 6611111166 Wezon 1616111611, 11111116111661111666
(1611 110101 van 6611 1161110011. Μ61 (1611 11161161·111)1111611 2011116 6611 1761110011
1161· 1116111611. Μ61 11611 1116116611 111 2011116 6611 1161110011 1161 66011116. Ι)11
161110011 van God in 11611 1116116611 111111611 611 111 2011116 16 61661116 11001·
6611 11661 11101 verbondsluiting 0111161· 1116116611611 17616611111111111. Bij Gode
a1·(2hetypisch; ectypisch bij 11611 1116116611. Dit verschil vloeit voort 1111
116 00161611161116 van gelijkheid, 1116 bij ν61·1101111-611111611116 1116116611611
1111006 616611, 11161 11161 1166111111. Vandaar 116 01111616 1160111106 van 1161
goddelijk 1161110011 11001 1161 1661601601, 111 20016116 111] schrijving 111
6611 1661601601, 116 166111016111-111111161· vrijmachtig 611 011116110611611111
11666111111 611 111111 21111 6116611110160 66611 11011616 116116 111111 dan 0111 1161
6611661 16 161111611160 os 111 21111661166101116161160. Η61 1611101111 der 1161-
1160 611 1161 66011116 21111 11116 111 11611 6101111 6611ῑ 11161161116 1001· 11611
016116611 6611 weg 011161111161111, 1101111111066 hij 1111 21111666160166111116111101
661066116611111) 11161 1161 6611111166 11762611 111111 geramum 6166111611161·111
11616611111611116, dat 1161 1611101111 1161· 1116111611 11611 1116116611 1111111 2001161
vijandschap 166611 ’(1011 611 11161 111666611611611 1101601160, 1116 661611161111(
116111 6611011160, 116111 1111111 God toovoeren, terwijI 0111661166111 1161 161-
110011 0161 11611 1116116611 111 2011116 111616 111 116111 11111111, 1111011111 111-1111616
worden kan, 11111111· 11161 111 116111 611111 op 66116 111111611116 111116111, 1116116111
6166116 verder van God 01161111. Naar 1111 111166 0111060116 1111661111 1161111
1161 11161111611100111111 11611 1116116611 11001· 1111111161 van 11111111 116111 is:
611 1111616611 (111-(1160166611 1161 6601111611611101111 6611661 611 1016116111 1111
(1011, 20111161 11611 1116116611, 611 11116 16 21111611 1161106116.

0116101116 (10116 1761110011 11161 11611 01611661116116111, 0161661111( 11626 21611-
2611611 11100011, mam· golijk (10111116116111 1100661116.11661,111110111166111111,
16 1161 1161116 01111611 6611 1161110011 11161 11161 1161 1011111110, 11111111· 0161 116
1116116611116101 als organisme 611 31200 0111161· 13611 1100111. 111-1 0161111161116
16 6611161 11161 1161116 11111160 van geliJke11 omvang. In 1161 verb->nd 11161

