55
Collega-dictant van onderscheidene studenten (Dogmatieky.

610113611 3116 3113616 000111611. 136 310016 111333, 01 Α(13111 613311 01 11311611 231, 1131131
dus 3311 6611 361103, 111133111311 1161 111316116616111616,1161101111661631166 11136. Μ331·
1133 Adam 36 111161 niet? Als 6611 kind in 36 1111631131, 11661111613311 36 11161 3 z 3
(1161 primum 11613111 van 36 36116616 1031031ἱΡ Hei: 116611 (116 11161 ψ 11120011611110-
1113113 316 111613311 11611(111(1 3616613116611; 11161 - 1112001161 3311(1113 110161111661 1161
36111(116111103611 116611, 1111331111 (116 111161 211. 1311 011613611130111 op Adam 36611, (131
611611316 9016111166] 111 Α33111 133611 3116 11611101131113611, (11613161 20113611 (1111013611,
316 36 11163601111613 1(11113111, 200 001( (16 10 36110361] 111 3116ν61131(1(1113611, 361131( 26
door Christus 21111 uitgesponnen, 3311 116111 363611611 11131611. 130011 116111611111612ῇι1
1116111311 133 1103 001106111116011111116111, 611611316 ’1 0133316011 1611611 2611 van 11661
(16 111611601111613 61· 001106111116011 111133. (136111( 3311 (16 sapientia originalis, (116
Α33111 106231). Ζο013113 316 nu (131 1611611 21011 1101111331 113(1 01111111ΚΙ(613,2011331
’ 1611611 113112611 3063 3616613 hebben. Μ331 10611 3001 1161 1161-1131601161] van ziJn
1613116 101 God Adam 11161, 11611131601116 113112611 ’11111161·11]1( 16116116116661 11311
1161 bewustzijn 611 3111116 (16 sapientia originalis 111163. Ζο01110661(16(101(16161·1111
1(0111611; 611611316 Wij 6611 (101(161 10611611, 111131111661 wij 2161( 21]·11. 111 1101111316
3611311611 3611061611 Wij 11311 (1611 1110636011110011 111616, wel 316 11111] 2161( 21111. Μ331
1101131 (16 2161(16 op, dan 116111311611 001( 36 166116361611, 1161 (11661 6112. Ζο0 16
001( 1161 611133061 (11036 11161 (1611 1116116011, (131 (16 11161 1111661· 111 21]111131136601116-
11611 61331 611 113112611 11110131 1133616613.

20 Ηο6 331 God 316 111161ῗ> Α16 God 2611 011361 316 111161 610113, 203 3331· 111616
3311 16 1161-31136161] 21311 3611116661. Μ331 nu 330111 ’6103316 11161111161116336 (116011
3311 3611 1116116011 —- 3113616 was 36611 1161-10661113 1110361131( Dus (16 11161 011361 (1011,
21] 31113 11311 Η6111 uit, 11161 11161 ἀνάγκη, 111331· 1(1301116116 211116 6611111136 wijshoid.

Waarom 16 311 van 20011661 11613113 ⁶? Wanneer 36 11161 111331011361 xvij leven
door Grod 16 363611611, (1311 1131 3331 113112611 111, 331 316 (10311161, 311111162111131611
1110361111( 111136 611 61161166116, 331 God 1100121611 113(1 111 1161 361131113111)6211“1]1((·11.
1311 36131 16 111661· 1(1301116116 1161 1(31·31(161 11311 36 111161. 136 11161 16 6611 1(61611.
3116 soh-almer} 11001611 bij 611(331. 136 0011611616 601131111 16 1011116616 0336111101·-
ρ61111613 3311 G0d; 16 (116 106, (1311 16 001( 36 36116616 keten 106 (201130 163011
6611 361103 16 201136 163611 3116 11611). 136 111161 16 11311 31611 3313, 33111116 6611111331
001( maai· 66116 163611 316 111161 20113131, 11612111131(1 16, 1162111661( Α33111 1111, 10611
111] 1103 111 211116 110116 1(130111 610113, (166 to 111661· 10611 hij 6611111331 1161211131(1
. 111136; 21]·116 1(1·30111 11661111 31 611 (16 balans 3331 616636 111661· 6011661. En 111331·
2011 nu Gods sapientia geweast zijn, 316 61· 36611 11001216111113 36116661 was?
’1 Zou 36 111666611]1(616 1061(610061161(1 21]·11 36116661. Dani-oni nu 1661136 80111111
0116, 331 (303 16 10011111331313, ja, 111331 001( 611 66161 11311111131113 611 36111113.
Grod 36611 30 111161 1111 36113(16; uit 116136 senape God 1161 6011611661 611 11161 11161
1161 3061 0111 3611 1116116011 361(11(1(13 16 111-(11(611. (Ps. 119‚· „hoo uw 36110011 nii]

