67
College-dictaat van een (101· 5111000100 (Dogmatiek).

toevallige overeenkomst of symbolische gelijkheid, 10001 01100 0101 0011 ἵνα
finalis: „opdat 00 80111111 νο1·ν111(1 111101’(10”; ja 20115 200, (101 νο11001(010(1100011
expres 002000 1110101, (101 (10 Ηο01·0 20 (1000 om (10 80111111 10 1701101100
(cf. Joh. 19 ; 28). 001( (10011100 ,102115 110 211110 0051000100 (10 80111111 1001 211110
(11501001011 010 111111 0011 10 10011011, 1100 (110 80111111 praedicem-de, (101 Hij 010115
11](1011 010051 011 01200 10 213110 11001113101010 11100011 (οΐ. Luc. 24 : 26, 27). 13115
11101 0110011 theoretice, (10 0100010110 015101110111110200 van (10 010101101101100100(Ιο
00000100, 10001 001( 10110101( 1170101 (1001· 0111151115 011 (10 0005101011 20115 0011 (110
01001500 (105 Ο. Τ. 117001· Wij overheen 20110011 102011 015 01000101100 van (10
1001(011151 11100100. 0011100111. - 13001001 01001 (10 1111150110 νο01·510111110 van Moder-
11011 en Ε11115011011, 01501 1101 010001011ον0 ](01·01(101· (101· 01010110 0111101100 (1001,
of 110101· 000 (110111 01000010100 10 worden, wederstaan 1110111011. 130 0100011100
redon van 011 opzijschuiven (101· 0100010110 15, (101 11100 2011 01001 wil zijss 011
(10 01010100 1(Ιο111 wil 11101(011. 811000001100110110011 1(01110(101·(Ᾰο1111’01; 1’001·50011,011
11101. En (1001001 1(001·1 111011 (1011 00151 1100102001( 011 11132001( 0111 011 1110101 (1011
00 0010 characteristica 00101010110 1111 001 01101· 1011011000, 1110110001· 5011111101·
(10011 1(οΠ 011 1111550111011 110101· 1100 (1011 (10 01010100.

Π. 1011155011011 111001 11101 0011 0010011000· 0110ον0000 van 1101 11000510 00111001.
Μο205 011 105030 011 Christus 1101111011 1110010115011 111100501’01(011, (101 (10 0100010110
00011 11100100 1100 voor 00 11](1001100100, 111001· 001-51 110 00 νο1·ν11111110. 130011101110110
110011 11001· (1011 11](10011001 0110011 11700100, 015 hij 0010011; (1011 15 21] 110111 101 10111005-
11110 00 00110111·1110; 111001 (10 ,,ν15(101110115110115’7 1(01100(1(1011]“1(0 01110111011110011211
00011 00 1101 0000011111( van (10 velkondiging⁷ 01001· 015 21]· 1101171110 15. Cf. Jol1.
13 : 19 011 130111. 18 ; 21, 22. 1311 111010 111011 11101 0011000111 1101000; 111 ν1·00001“0
(το1001115011011001(]05 werd 1101 170010051010, 01501 (10 0100010110 gold voor 11011,
(110 11001· 11001000. 130 010001011ον0 1000111 11101100 1110110 vorem, 0015101151
eventum 110011 (10 0100010110 11100100. Wie 011 0000 111 11011100101110111, 2101νοοΙ
0ον0100 00100100. Was 00 0100010110 11001· 0011 1110000001 1105101110 0101110051 001
110111 015 0011 nota characteristica 10 (11011011 111 0101001110 01000101101115, (1011 1100
(10 00111(011(1101110 011110 200 0111001111( 01001011 21111, (1111 10100110, (110 van (10 2001(
11101 01117151, haar 10011 1111 (10 praedictio 1(011 (1001οΚ00. Bijv. 11101011 10010110 111
(10 (10000 001· Reform-atie 0000510011 was, (110 0011 0100010110 11100111 νο01· 211110
11](10011001011 van 0011 10000101101 of 1101 (1001115011 110111, (100 2011 hij 0011 11100110
01115011111111110· hebben 11100100 0ον011, 010001 (10 2001( 11001· 211110 1100111015 1100010
was, (1001·011100011 gold zijne 0100010110 0215, dan was 00111(01·100011(1111(11110·
1101000000. Zoo 001( 111 (10 11011100 80111111. 1Υο5 (10 1100001100 00110051 00 1101
0000011111( 2011, (101 (10 praedict-iv 00001011 word. (10 0010111011 (101 01010110 10
1101105110011, (1011 2011 21] 0110015 gelum 1101111011, 1110111· 1111 (10 0100010110 00001101]
15 0111 10 workon 015 (10 21101( 2011 001011110111105. 11011001(ἰο (10 0100010110 51001115

