85
Colleye-dictaat ναη een det· studenten (Boqmatiek).

De Ε99ρ7786176 700777167677 7177677677769677 (17069677 7061 dat lsarakter, 71777 0017 716
70788617779 777777 1768777777787707777 777 1767 87707667 777777 71677 0177787778 717777797. Ν767 716
7767777701677779 777777 7077767· 777 707]“77 71007 Ι66778, 7077777 1767 was 767]77 677 bleef wijn
7767 716 7767777771677779. 11707077 777 Ε991076 766771 1767 7677767 66787 1710671 677 71777777777
70667· water,- 716 87017 7776771 6677 8167779 677 716 8177779 76667· 6677 87017. Ν767 777 9668-
7617717 170096 7767861777777779677, 77777677 ]’77787 777 7176 86177]“77077777 77767796 700777167677 777777
Ε99Ῑο76 7777701677 707] 1767 177776717767 777777 1767 Βο6017117787776 70667·. Ε77 7777 86177]777 1767
0778 0017 77767 777667· 7776677771, 70677777667 707] 7177 1766167717677, 71777 716 Η667·6 ,777787 777 6176
Ρ67777176787786176 76676101 71666 777-0777167677 716671, 077771777 177777776 76776677 ,777787 777777777677
70777677, 7176 67617 67 77007 777796777677, 7177 0017 76 17777777677 710677. Η767 766771 1767
wonder 61778 176777777161 71007 71677 7707777, 7077777777 616 17677167777676171176776 760777167777676177
7696770067 0176 777777 (1071 17077 87611677. 1777777177777 71777 7777] 66787 761176778 166677 .· Ε77
177777776 70077677670778 71661677 61689619178, - 70771777 God 17677 0776777706177.

11107777 1706 1716777 677 7776779 0017, 67 1797 777 716 Βο6616117787786176 77676171 677 777 716
77767077707201708677 6677 1070167786176 96017761776, 6677 9677061· 016 1610776, 7176 0778 777777 71677
Ε677777796 861767617, 777067 066717777971. 1717617777, 7176 profetia 78 op diep 6077771796 767766
777 9617661 716 Βο6717117787786176 677 Ε99777786176 70676171 77779671777177, 77777777· 78 71687776776-
777777 6677 1766171 777777 6677 17671796 7077777176771,· 9617717 Satan 777 771 67777 777776177 6677
776977776Γ 1766171 96677 777777 716 97007176761 66777 0177787778.

Ζο0 7777771677 707] 71778 bij 0177787778 6677 661Γ716 subject, 71777 «0678617711677716 76788617779677
077716797779, 77707677 8766618 60’0’, 71777 716 7)00777Γ9777777716 06870777787707777 77767 7669977777,
77777777 1717777.

Ηο6 16777777677 707] 7777 1767 8077767767711677 777777 77678617711677716 6677876777768 bij 6677 zelfde
subject 667779867778 77777167 077 0776677 96687 1776779677.9

176617ᾔ718 7007717 1776777007· 9617667961 1767 7671777771 777777 6677 0087678617 170777779, 7176
6677 60077 177771, 7061176 716 96017761776 177669 1767 77771678 777777 67]“77 77777167 7777 76 9777777,
6671716601 777 716 968777176 777777 6677 71767787177766177, 0777 67617 76 776717777677 bij 6677 1777761-
00777067 677 b& 176777 6718 7770677167 71767787 76 710677.

Dat 7777, 600 6697 777677, 7777771677 7677 0017 bvj ]66778.

De prins bleef 6677 170777779860077, bleef 67Γ96777777777 van 71677 770077, bleef 06677767
vom 771 7176 87’177777677,· 77777777· 70617 777 7176 1777661776179Ἇ6 76177776 667777777771 7779677671677
67]·77616, 8707761 67]77 077716771776777 17077677 176777, 7770687 177] 67617 77679677069677 77767 6677
861777777θῖ6 81677710ρί777778 677 776616779 70661861,· 7770687 177] 67617 661Γ8 81679677 96770087677,
7718 67]’77 777668767 7777 6677 9771 716 17777761 769677 176777 0171776χῖ

Το617, 066767179677 177777 7177 1766171 77767. Ε77 wel 0777 71666 7671677 .· Κο777779860077 677
167766177 67777 Ρο877768, 6176 067776 17777777677 7777968]7701ιτ677 67777 6677 mensch. De prins
blz‘jft 6677 mensch ‚· 1767 78 77767 6677 0667977779 67777 existentia· 777 6777876777767707777,
77777777· 777777 17677617177779 777 17677617177779.

1717711677 707] 710076177779677 777 1767 7779876776 777777 0177787778, 717777 777067677 7677 60617677
76 9670717677 707 7678, 7777777771007· 1767 067677876977 7796797779 077776797779. Η767· 78 7177
77767 1767 9677771. Α18 177766177 177771 716 ,707796 7777777 1767661Γ716 067077876977 7718 70677 1777
1777778 70778,· hy 17077 67617 7709 67677600 7777677 7718 ’777”06967; 76678 177] 7777777· 67]”77]777167’8
767779961766761, 717777 was 67 777678 777 176777 77677777016771.

